10 50 50 

6.3000    3.3000    6.0000    2.5000    3.0345    3.6323    2.7568    2.9857    2.7081
    5.8000    2.7000    5.1000    1.9000    2.7511    3.3871    2.3997    2.6225    2.2711
    7.1000    3.0000    5.9000    2.1000    3.0587    3.7350    2.7020    2.8736    2.5169
    6.3000    2.9000    5.6000    1.8000    2.9053    3.5633    2.4283    2.7875    2.3106
    6.5000    3.0000    5.8000    2.2000    2.9704    3.6297    2.6603    2.8565    2.5463
    7.6000    3.0000    6.6000    2.1000    3.1268    3.9152    2.7701    2.9857    2.6290
    4.9000    2.5000    4.5000    1.7000    2.5055    3.0933    2.1199    2.4204    2.0347
    7.3000    2.9000    6.3000    1.8000    3.0526    3.8284    2.5757    2.9053    2.4283
    6.7000    2.5000    5.8000    1.8000    2.8184    3.6600    2.4899    2.6741    2.3456
    7.2000    3.6000    6.1000    2.5000    3.2550    3.7824    2.8904    3.0892    2.7246
    6.5000    3.2000    5.1000    2.0000    3.0350    3.5010    2.5649    2.7924    2.3224
    6.4000    2.7000    5.3000    1.9000    2.8495    3.5240    2.4982    2.6610    2.3096
    6.8000    3.0000    5.5000    2.1000    3.0155    3.6217    2.6589    2.8034    2.4467
    5.7000    2.5000    5.0000    2.0000    2.6568    3.3499    2.4336    2.5257    2.3026
    5.8000    2.8000    5.1000    2.4000    2.7875    3.3871    2.6333    2.6589    2.5047
    6.4000    3.2000    5.3000    2.3000    3.0194    3.5240    2.6892    2.8309    2.5006
    6.5000    3.0000    5.5000    1.8000    2.9704    3.5766    2.4596    2.8034    2.2925
    7.7000    3.8000    6.7000    2.2000    3.3762    3.9433    2.8297    3.2371    2.6906
    7.7000    2.6000    6.9000    2.3000    2.9967    3.9727    2.8741    2.8870    2.7644
    6.0000    2.2000    5.0000    1.5000    2.5802    3.4012    2.1972    2.3979    2.0149
    6.9000    3.2000    5.7000    2.3000    3.0947    3.6720    2.7644    2.9036    2.5734
    5.6000    2.8000    4.9000    2.0000    2.7524    3.3120    2.4159    2.6189    2.2824
    7.7000    2.8000    6.7000    2.0000    3.0708    3.9433    2.7344    2.9317    2.5953
    6.3000    2.7000    4.9000    1.8000    2.8338    3.4298    2.4283    2.5825    2.1770
    6.7000    3.3000    5.7000    2.1000    3.0960    3.6426    2.6440    2.9344    2.4824
    7.2000    3.2000    6.0000    1.8000    3.1372    3.7658    2.5619    2.9549    2.3795
    6.2000    2.8000    4.8000    1.8000    2.8542    3.3932    2.4123    2.5982    2.1564
    6.1000    3.0000    4.9000    1.8000    2.9069    3.3975    2.3961    2.6878    2.1770
    6.4000    2.8000    5.6000    2.1000    2.8859    3.5791    2.5982    2.7524    2.4647
    7.2000    3.0000    5.8000    1.6000    3.0727    3.7319    2.4441    2.8565    2.2279
    7.4000    2.8000    6.1000    1.9000    3.0311    3.8098    2.6433    2.8379    2.4501
    7.9000    3.8000    6.4000    2.0000    3.4019    3.9232    2.7600    3.1913    2.5494
    6.4000    2.8000    5.6000    2.2000    2.8859    3.5791    2.6448    2.7524    2.5112
    6.3000    2.8000    5.1000    1.5000    2.8702    3.4698    2.2460    2.6589    2.0347
    6.1000    2.6000    5.6000    1.4000    2.7638    3.5311    2.1448    2.6783    2.0592
    7.7000    3.0000    6.1000    2.3000    3.1398    3.8495    2.8741    2.9069    2.6412
    6.3000    3.4000    5.6000    2.4000    3.0643    3.5633    2.7160    2.9465    2.5982
    6.4000    3.1000    5.5000    1.8000    2.9877    3.5610    2.4441    2.8362    2.2925
    6.0000    3.0000    4.8000    1.8000    2.8904    3.3604    2.3795    2.6672    2.1564
    6.9000    3.1000    5.4000    2.1000    3.0629    3.6179    2.6735    2.8178    2.4283
    6.7000    3.1000    5.6000    2.4000    3.0335    3.6249    2.7776    2.8542    2.5982
    6.9000    3.1000    5.1000    2.3000    3.0629    3.5608    2.7644    2.7606    2.4621
    5.8000    2.7000    5.1000    1.9000    2.7511    3.3871    2.3997    2.6225    2.2711
    6.8000    3.2000    5.9000    2.3000    3.0801    3.6919    2.7498    2.9381    2.6079
    6.7000    3.3000    5.7000    2.5000    3.0960    3.6426    2.8184    2.9344    2.6568
    6.7000    3.0000    5.2000    2.3000    3.0007    3.5508    2.7350    2.7473    2.4816
    6.3000    2.5000    5.0000    1.9000    2.7568    3.4500    2.4824    2.5257    2.2513
    6.5000    3.0000    5.2000    2.0000    2.9704    3.5205    2.5649    2.7473    2.3418
    6.2000    3.4000    5.4000    2.3000    3.0483    3.5109    2.6575    2.9102    2.5193
    5.9000    3.0000    5.1000    1.8000    2.8736    3.4042    2.3627    2.7279    2.2170

>> Z2 = [X2 log(X2(:,1)./X2(:,2)) log(X2(:,1)./X2(:,3)) log(X2(:,1)./X2(:,4)) log(X2(:,2)./X2(:,3)) log(X2(:,3)./X2(:,4))]

Z2 =

    6.3000    3.3000    6.0000    2.5000    0.6466    0.0488    0.9243   -0.5978    0.8755
    5.8000    2.7000    5.1000    1.9000    0.7646    0.1286    1.1160   -0.6360    0.9874
    7.1000    3.0000    5.9000    2.1000    0.8615    0.1851    1.2182   -0.6763    1.0330
    6.3000    2.9000    5.6000    1.8000    0.7758    0.1178    1.2528   -0.6581    1.1350
    6.5000    3.0000    5.8000    2.2000    0.7732    0.1139    1.0833   -0.6592    0.9694
    7.6000    3.0000    6.6000    2.1000    0.9295    0.1411    1.2862   -0.7885    1.1451
    4.9000    2.5000    4.5000    1.7000    0.6729    0.0852    1.0586   -0.5878    0.9734
    7.3000    2.9000    6.3000    1.8000    0.9232    0.1473    1.4001   -0.7758    1.2528
    6.7000    2.5000    5.8000    1.8000    0.9858    0.1442    1.3143   -0.8416    1.1701
    7.2000    3.6000    6.1000    2.5000    0.6931    0.1658    1.0578   -0.5274    0.8920
    6.5000    3.2000    5.1000    2.0000    0.7087    0.2426    1.1787   -0.4661    0.9361
    6.4000    2.7000    5.3000    1.9000    0.8630    0.1886    1.2144   -0.6745    1.0259
    6.8000    3.0000    5.5000    2.1000    0.8183    0.2122    1.1750   -0.6061    0.9628
    5.7000    2.5000    5.0000    2.0000    0.8242    0.1310    1.0473   -0.6931    0.9163
    5.8000    2.8000    5.1000    2.4000    0.7282    0.1286    0.8824   -0.5996    0.7538
    6.4000    3.2000    5.3000    2.3000    0.6931    0.1886    1.0234   -0.5046    0.8348
    6.5000    3.0000    5.5000    1.8000    0.7732    0.1671    1.2840   -0.6061    1.1170
    7.7000    3.8000    6.7000    2.2000    0.7062    0.1391    1.2528   -0.5671    1.1137
    7.7000    2.6000    6.9000    2.3000    1.0857    0.1097    1.2083   -0.9760    1.0986
    6.0000    2.2000    5.0000    1.5000    1.0033    0.1823    1.3863   -0.8210    1.2040
    6.9000    3.2000    5.7000    2.3000    0.7684    0.1911    1.0986   -0.5773    0.9076
    5.6000    2.8000    4.9000    2.0000    0.6931    0.1335    1.0296   -0.5596    0.8961
    7.7000    2.8000    6.7000    2.0000    1.0116    0.1391    1.3481   -0.8725    1.2090
    6.3000    2.7000    4.9000    1.8000    0.8473    0.2513    1.2528   -0.5960    1.0014
    6.7000    3.3000    5.7000    2.1000    0.7082    0.1616    1.1602   -0.5465    0.9985
    7.2000    3.2000    6.0000    1.8000    0.8109    0.1823    1.3863   -0.6286    1.2040
    6.2000    2.8000    4.8000    1.8000    0.7949    0.2559    1.2368   -0.5390    0.9808
    6.1000    3.0000    4.9000    1.8000    0.7097    0.2191    1.2205   -0.4906    1.0014
    6.4000    2.8000    5.6000    2.1000    0.8267    0.1335    1.1144   -0.6931    0.9808
    7.2000    3.0000    5.8000    1.6000    0.8755    0.2162    1.5041   -0.6592    1.2879
    7.4000    2.8000    6.1000    1.9000    0.9719    0.1932    1.3596   -0.7787    1.1664
    7.9000    3.8000    6.4000    2.0000    0.7319    0.2106    1.3737   -0.5213    1.1632
    6.4000    2.8000    5.6000    2.2000    0.8267    0.1335    1.0678   -0.6931    0.9343
    6.3000    2.8000    5.1000    1.5000    0.8109    0.2113    1.4351   -0.5996    1.2238
    6.1000    2.6000    5.6000    1.4000    0.8528    0.0855    1.4718   -0.7673    1.3863
    7.7000    3.0000    6.1000    2.3000    0.9426    0.2329    1.2083   -0.7097    0.9754
    6.3000    3.4000    5.6000    2.4000    0.6168    0.1178    0.9651   -0.4990    0.8473
    6.4000    3.1000    5.5000    1.8000    0.7249    0.1515    1.2685   -0.5733    1.1170
    6.0000    3.0000    4.8000    1.8000    0.6931    0.2231    1.2040   -0.4700    0.9808
    6.9000    3.1000    5.4000    2.1000    0.8001    0.2451    1.1896   -0.5550    0.9445
    6.7000    3.1000    5.6000    2.4000    0.7707    0.1793    1.0266   -0.5914    0.8473
    6.9000    3.1000    5.1000    2.3000    0.8001    0.3023    1.0986   -0.4978    0.7963
    5.8000    2.7000    5.1000    1.9000    0.7646    0.1286    1.1160   -0.6360    0.9874
    6.8000    3.2000    5.9000    2.3000    0.7538    0.1420    1.0840   -0.6118    0.9420
    6.7000    3.3000    5.7000    2.5000    0.7082    0.1616    0.9858   -0.5465    0.8242
    6.7000    3.0000    5.2000    2.3000    0.8035    0.2534    1.0692   -0.5500    0.8157
    6.3000    2.5000    5.0000    1.9000    0.9243    0.2311    1.1987   -0.6931    0.9676
    6.5000    3.0000    5.2000    2.0000    0.7732    0.2231    1.1787   -0.5500    0.9555
    6.2000    3.4000    5.4000    2.3000    0.6008    0.1382    0.9916   -0.4626    0.8535
    5.9000    3.0000    5.1000    1.8000    0.6763    0.1457    1.1872   -0.5306    1.0415

7.0000    3.2000    4.7000    1.4000    0.7828    0.3983    1.6094   -0.3844    1.2111
    6.4000    3.2000    4.5000    1.5000    0.6931    0.3522    1.4508   -0.3409    1.0986
    6.9000    3.1000    4.9000    1.5000    0.8001    0.3423    1.5261   -0.4578    1.1838
    5.5000    2.3000    4.0000    1.3000    0.8718    0.3185    1.4424   -0.5534    1.1239
    6.5000    2.8000    4.6000    1.5000    0.8422    0.3457    1.4663   -0.4964    1.1206
    5.7000    2.8000    4.5000    1.3000    0.7108    0.2364    1.4781   -0.4745    1.2417
    6.3000    3.3000    4.7000    1.6000    0.6466    0.2930    1.3705   -0.3536    1.0776
    4.9000    2.4000    3.3000    1.0000    0.7138    0.3953    1.5892   -0.3185    1.1939
    6.6000    2.9000    4.6000    1.3000    0.8224    0.3610    1.6247   -0.4613    1.2637
    5.2000    2.7000    3.9000    1.4000    0.6554    0.2877    1.3122   -0.3677    1.0245
    5.0000    2.0000    3.5000    1.0000    0.9163    0.3567    1.6094   -0.5596    1.2528
    5.9000    3.0000    4.2000    1.5000    0.6763    0.3399    1.3695   -0.3365    1.0296
    6.0000    2.2000    4.0000    1.0000    1.0033    0.4055    1.7918   -0.5978    1.3863
    6.1000    2.9000    4.7000    1.4000    0.7436    0.2607    1.4718   -0.4829    1.2111
    5.6000    2.9000    3.6000    1.3000    0.6581    0.4418    1.4604   -0.2162    1.0186
    6.7000    3.1000    4.4000    1.4000    0.7707    0.4205    1.5656   -0.3502    1.1451
    5.6000    3.0000    4.5000    1.5000    0.6242    0.2187    1.3173   -0.4055    1.0986
    5.8000    2.7000    4.1000    1.0000    0.7646    0.3469    1.7579   -0.4177    1.4110
    6.2000    2.2000    4.5000    1.5000    1.0361    0.3205    1.4191   -0.7156    1.0986
    5.6000    2.5000    3.9000    1.1000    0.8065    0.3618    1.6275   -0.4447    1.2657
    5.9000    3.2000    4.8000    1.8000    0.6118    0.2063    1.1872   -0.4055    0.9808
    6.1000    2.8000    4.0000    1.3000    0.7787    0.4220    1.5459   -0.3567    1.1239
    6.3000    2.5000    4.9000    1.5000    0.9243    0.2513    1.4351   -0.6729    1.1838
    6.1000    2.8000    4.7000    1.2000    0.7787    0.2607    1.6260   -0.5179    1.3652
    6.4000    2.9000    4.3000    1.3000    0.7916    0.3977    1.5939   -0.3939    1.1963
    6.6000    3.0000    4.4000    1.4000    0.7885    0.4055    1.5506   -0.3830    1.1451
    6.8000    2.8000    4.8000    1.4000    0.8873    0.3483    1.5805   -0.5390    1.2321
    6.7000    3.0000    5.0000    1.7000    0.8035    0.2927    1.3715   -0.5108    1.0788
    6.0000    2.9000    4.5000    1.5000    0.7270    0.2877    1.3863   -0.4394    1.0986
    5.7000    2.6000    3.5000    1.0000    0.7850    0.4877    1.7405   -0.2973    1.2528
    5.5000    2.4000    3.8000    1.1000    0.8293    0.3697    1.6094   -0.4595    1.2397
    5.5000    2.4000    3.7000    1.0000    0.8293    0.3964    1.7047   -0.4329    1.3083
    5.8000    2.7000    3.9000    1.2000    0.7646    0.3969    1.5755   -0.3677    1.1787
    6.0000    2.7000    5.1000    1.6000    0.7985    0.1625    1.3218   -0.6360    1.1592
    5.4000    3.0000    4.5000    1.5000    0.5878    0.1823    1.2809   -0.4055    1.0986
    6.0000    3.4000    4.5000    1.6000    0.5680    0.2877    1.3218   -0.2803    1.0341
    6.7000    3.1000    4.7000    1.5000    0.7707    0.3545    1.4966   -0.4162    1.1421
    6.3000    2.3000    4.4000    1.3000    1.0076    0.3589    1.5782   -0.6487    1.2192
    5.6000    3.0000    4.1000    1.3000    0.6242    0.3118    1.4604   -0.3124    1.1486
    5.5000    2.5000    4.0000    1.3000    0.7885    0.3185    1.4424   -0.4700    1.1239
    5.5000    2.6000    4.4000    1.2000    0.7492    0.2231    1.5224   -0.5261    1.2993
    6.1000    3.0000    4.6000    1.4000    0.7097    0.2822    1.4718   -0.4274    1.1896
    5.8000    2.6000    4.0000    1.2000    0.8023    0.3716    1.5755   -0.4308    1.2040
    5.0000    2.3000    3.3000    1.0000    0.7765    0.4155    1.6094   -0.3610    1.1939
    5.6000    2.7000    4.2000    1.3000    0.7295    0.2877    1.4604   -0.4418    1.1727
    5.7000    3.0000    4.2000    1.2000    0.6419    0.3054    1.5581   -0.3365    1.2528
    5.7000    2.9000    4.2000    1.3000    0.6758    0.3054    1.4781   -0.3704    1.1727
    6.2000    2.9000    4.3000    1.3000    0.7598    0.3659    1.5622   -0.3939    1.1963
    5.1000    2.5000    3.0000    1.1000    0.7129    0.5306    1.5339   -0.1823    1.0033
    5.7000    2.8000    4.1000    1.3000    0.7108    0.3295    1.4781   -0.3814    1.1486
