15 50 50

7.0000    3.2000    4.7000    1.4000   22.4000   32.9000    9.8000   15.0400    4.4800    6.5800  105.2800   31.3600   46.0600   21.0560  147.3920
6.4000    3.2000    4.5000    1.5000   20.4800   28.8000    9.6000   14.4000    4.8000    6.7500   92.1600   30.7200   43.2000   21.6000  138.2400
6.9000    3.1000    4.9000    1.5000   21.3900   33.8100   10.3500   15.1900    4.6500    7.3500  104.8110   32.0850   50.7150   22.7850  157.2165
5.5000    2.3000    4.0000    1.3000   12.6500   22.0000    7.1500    9.2000    2.9900    5.2000   50.6000   16.4450   28.6000   11.9600   65.7800
6.5000    2.8000    4.6000    1.5000   18.2000   29.9000    9.7500   12.8800    4.2000    6.9000   83.7200   27.3000   44.8500   19.3200  125.5800
5.7000    2.8000    4.5000    1.3000   15.9600   25.6500    7.4100   12.6000    3.6400    5.8500   71.8200   20.7480   33.3450   16.3800   93.3660
6.3000    3.3000    4.7000    1.6000   20.7900   29.6100   10.0800   15.5100    5.2800    7.5200   97.7130   33.2640   47.3760   24.8160  156.3408
4.9000    2.4000    3.3000    1.0000   11.7600   16.1700    4.9000    7.9200    2.4000    3.3000   38.8080   11.7600   16.1700    7.9200   38.8080
6.6000    2.9000    4.6000    1.3000   19.1400   30.3600    8.5800   13.3400    3.7700    5.9800   88.0440   24.8820   39.4680   17.3420  114.4572
5.2000    2.7000    3.9000    1.4000   14.0400   20.2800    7.2800   10.5300    3.7800    5.4600   54.7560   19.6560   28.3920   14.7420   76.6584
5.0000    2.0000    3.5000    1.0000   10.0000   17.5000    5.0000    7.0000    2.0000    3.5000   35.0000   10.0000   17.5000    7.0000   35.0000
5.9000    3.0000    4.2000    1.5000   17.7000   24.7800    8.8500   12.6000    4.5000    6.3000   74.3400   26.5500   37.1700   18.9000  111.5100
6.0000    2.2000    4.0000    1.0000   13.2000   24.0000    6.0000    8.8000    2.2000    4.0000   52.8000   13.2000   24.0000    8.8000   52.8000
6.1000    2.9000    4.7000    1.4000   17.6900   28.6700    8.5400   13.6300    4.0600    6.5800   83.1430   24.7660   40.1380   19.0820  116.4002
5.6000    2.9000    3.6000    1.3000   16.2400   20.1600    7.2800   10.4400    3.7700    4.6800   58.4640   21.1120   26.2080   13.5720   76.0032
6.7000    3.1000    4.4000    1.4000   20.7700   29.4800    9.3800   13.6400    4.3400    6.1600   91.3880   29.0780   41.2720   19.0960  127.9432
5.6000    3.0000    4.5000    1.5000   16.8000   25.2000    8.4000   13.5000    4.5000    6.7500   75.6000   25.2000   37.8000   20.2500  113.4000
5.8000    2.7000    4.1000    1.0000   15.6600   23.7800    5.8000   11.0700    2.7000    4.1000   64.2060   15.6600   23.7800   11.0700   64.2060
6.2000    2.2000    4.5000    1.5000   13.6400   27.9000    9.3000    9.9000    3.3000    6.7500   61.3800   20.4600   41.8500   14.8500   92.0700
5.6000    2.5000    3.9000    1.1000   14.0000   21.8400    6.1600    9.7500    2.7500    4.2900   54.6000   15.4000   24.0240   10.7250   60.0600
5.9000    3.2000    4.8000    1.8000   18.8800   28.3200   10.6200   15.3600    5.7600    8.6400   90.6240   33.9840   50.9760   27.6480  163.1232
6.1000    2.8000    4.0000    1.3000   17.0800   24.4000    7.9300   11.2000    3.6400    5.2000   68.3200   22.2040   31.7200   14.5600   88.8160
6.3000    2.5000    4.9000    1.5000   15.7500   30.8700    9.4500   12.2500    3.7500    7.3500   77.1750   23.6250   46.3050   18.3750  115.7625
6.1000    2.8000    4.7000    1.2000   17.0800   28.6700    7.3200   13.1600    3.3600    5.6400   80.2760   20.4960   34.4040   15.7920   96.3312
6.4000    2.9000    4.3000    1.3000   18.5600   27.5200    8.3200   12.4700    3.7700    5.5900   79.8080   24.1280   35.7760   16.2110  103.7504
6.6000    3.0000    4.4000    1.4000   19.8000   29.0400    9.2400   13.2000    4.2000    6.1600   87.1200   27.7200   40.6560   18.4800  121.9680
6.8000    2.8000    4.8000    1.4000   19.0400   32.6400    9.5200   13.4400    3.9200    6.7200   91.3920   26.6560   45.6960   18.8160  127.9488
6.7000    3.0000    5.0000    1.7000   20.1000   33.5000   11.3900   15.0000    5.1000    8.5000  100.5000   34.1700   56.9500   25.5000  170.8500
6.0000    2.9000    4.5000    1.5000   17.4000   27.0000    9.0000   13.0500    4.3500    6.7500   78.3000   26.1000   40.5000   19.5750  117.4500
5.7000    2.6000    3.5000    1.0000   14.8200   19.9500    5.7000    9.1000    2.6000    3.5000   51.8700   14.8200   19.9500    9.1000   51.8700
5.5000    2.4000    3.8000    1.1000   13.2000   20.9000    6.0500    9.1200    2.6400    4.1800   50.1600   14.5200   22.9900   10.0320   55.1760
5.5000    2.4000    3.7000    1.0000   13.2000   20.3500    5.5000    8.8800    2.4000    3.7000   48.8400   13.2000   20.3500    8.8800   48.8400
5.8000    2.7000    3.9000    1.2000   15.6600   22.6200    6.9600   10.5300    3.2400    4.6800   61.0740   18.7920   27.1440   12.6360   73.2888
6.0000    2.7000    5.1000    1.6000   16.2000   30.6000    9.6000   13.7700    4.3200    8.1600   82.6200   25.9200   48.9600   22.0320  132.1920
5.4000    3.0000    4.5000    1.5000   16.2000   24.3000    8.1000   13.5000    4.5000    6.7500   72.9000   24.3000   36.4500   20.2500  109.3500
6.0000    3.4000    4.5000    1.6000   20.4000   27.0000    9.6000   15.3000    5.4400    7.2000   91.8000   32.6400   43.2000   24.4800  146.8800
6.7000    3.1000    4.7000    1.5000   20.7700   31.4900   10.0500   14.5700    4.6500    7.0500   97.6190   31.1550   47.2350   21.8550  146.4285
6.3000    2.3000    4.4000    1.3000   14.4900   27.7200    8.1900   10.1200    2.9900    5.7200   63.7560   18.8370   36.0360   13.1560   82.8828
5.6000    3.0000    4.1000    1.3000   16.8000   22.9600    7.2800   12.3000    3.9000    5.3300   68.8800   21.8400   29.8480   15.9900   89.5440
5.5000    2.5000    4.0000    1.3000   13.7500   22.0000    7.1500   10.0000    3.2500    5.2000   55.0000   17.8750   28.6000   13.0000   71.5000
5.5000    2.6000    4.4000    1.2000   14.3000   24.2000    6.6000   11.4400    3.1200    5.2800   62.9200   17.1600   29.0400   13.7280   75.5040
6.1000    3.0000    4.6000    1.4000   18.3000   28.0600    8.5400   13.8000    4.2000    6.4400   84.1800   25.6200   39.2840   19.3200  117.8520
5.8000    2.6000    4.0000    1.2000   15.0800   23.2000    6.9600   10.4000    3.1200    4.8000   60.3200   18.0960   27.8400   12.4800   72.3840
5.0000    2.3000    3.3000    1.0000   11.5000   16.5000    5.0000    7.5900    2.3000    3.3000   37.9500   11.5000   16.5000    7.5900   37.9500
5.6000    2.7000    4.2000    1.3000   15.1200   23.5200    7.2800   11.3400    3.5100    5.4600   63.5040   19.6560   30.5760   14.7420   82.5552
5.7000    3.0000    4.2000    1.2000   17.1000   23.9400    6.8400   12.6000    3.6000    5.0400   71.8200   20.5200   28.7280   15.1200   86.1840
5.7000    2.9000    4.2000    1.3000   16.5300   23.9400    7.4100   12.1800    3.7700    5.4600   69.4260   21.4890   31.1220   15.8340   90.2538
6.2000    2.9000    4.3000    1.3000   17.9800   26.6600    8.0600   12.4700    3.7700    5.5900   77.3140   23.3740   34.6580   16.2110  100.5082
5.1000    2.5000    3.0000    1.1000   12.7500   15.3000    5.6100    7.5000    2.7500    3.3000   38.2500   14.0250   16.8300    8.2500   42.0750
5.7000    2.8000    4.1000    1.3000   15.9600   23.3700    7.4100   11.4800    3.6400    5.3300   65.4360   20.7480   30.3810   14.9240   85.0668

6.3000    3.3000    6.0000    2.5000   20.7900   37.8000   15.7500   19.8000    8.2500   15.0000  124.7400   51.9750   94.5000   49.5000  311.8500
5.8000    2.7000    5.1000    1.9000   15.6600   29.5800   11.0200   13.7700    5.1300    9.6900   79.8660   29.7540   56.2020   26.1630  151.7454
7.1000    3.0000    5.9000    2.1000   21.3000   41.8900   14.9100   17.7000    6.3000   12.3900  125.6700   44.7300   87.9690   37.1700  263.9070
6.3000    2.9000    5.6000    1.8000   18.2700   35.2800   11.3400   16.2400    5.2200   10.0800  102.3120   32.8860   63.5040   29.2320  184.1616
6.5000    3.0000    5.8000    2.2000   19.5000   37.7000   14.3000   17.4000    6.6000   12.7600  113.1000   42.9000   82.9400   38.2800  248.8200
7.6000    3.0000    6.6000    2.1000   22.8000   50.1600   15.9600   19.8000    6.3000   13.8600  150.4800   47.8800  105.3360   41.5800  316.0080
4.9000    2.5000    4.5000    1.7000   12.2500   22.0500    8.3300   11.2500    4.2500    7.6500   55.1250   20.8250   37.4850   19.1250   93.7125
7.3000    2.9000    6.3000    1.8000   21.1700   45.9900   13.1400   18.2700    5.2200   11.3400  133.3710   38.1060   82.7820   32.8860  240.0678
6.7000    2.5000    5.8000    1.8000   16.7500   38.8600   12.0600   14.5000    4.5000   10.4400   97.1500   30.1500   69.9480   26.1000  174.8700
7.2000    3.6000    6.1000    2.5000   25.9200   43.9200   18.0000   21.9600    9.0000   15.2500  158.1120   64.8000  109.8000   54.9000  395.2800
6.5000    3.2000    5.1000    2.0000   20.8000   33.1500   13.0000   16.3200    6.4000   10.2000  106.0800   41.6000   66.3000   32.6400  212.1600
6.4000    2.7000    5.3000    1.9000   17.2800   33.9200   12.1600   14.3100    5.1300   10.0700   91.5840   32.8320   64.4480   27.1890  174.0096
6.8000    3.0000    5.5000    2.1000   20.4000   37.4000   14.2800   16.5000    6.3000   11.5500  112.2000   42.8400   78.5400   34.6500  235.6200
5.7000    2.5000    5.0000    2.0000   14.2500   28.5000   11.4000   12.5000    5.0000   10.0000   71.2500   28.5000   57.0000   25.0000  142.5000
5.8000    2.8000    5.1000    2.4000   16.2400   29.5800   13.9200   14.2800    6.7200   12.2400   82.8240   38.9760   70.9920   34.2720  198.7776
6.4000    3.2000    5.3000    2.3000   20.4800   33.9200   14.7200   16.9600    7.3600   12.1900  108.5440   47.1040   78.0160   39.0080  249.6512
6.5000    3.0000    5.5000    1.8000   19.5000   35.7500   11.7000   16.5000    5.4000    9.9000  107.2500   35.1000   64.3500   29.7000  193.0500
7.7000    3.8000    6.7000    2.2000   29.2600   51.5900   16.9400   25.4600    8.3600   14.7400  196.0420   64.3720  113.4980   56.0120  431.2924
7.7000    2.6000    6.9000    2.3000   20.0200   53.1300   17.7100   17.9400    5.9800   15.8700  138.1380   46.0460  122.1990   41.2620  317.7174
6.0000    2.2000    5.0000    1.5000   13.2000   30.0000    9.0000   11.0000    3.3000    7.5000   66.0000   19.8000   45.0000   16.5000   99.0000
6.9000    3.2000    5.7000    2.3000   22.0800   39.3300   15.8700   18.2400    7.3600   13.1100  125.8560   50.7840   90.4590   41.9520  289.4688
5.6000    2.8000    4.9000    2.0000   15.6800   27.4400   11.2000   13.7200    5.6000    9.8000   76.8320   31.3600   54.8800   27.4400  153.6640
7.7000    2.8000    6.7000    2.0000   21.5600   51.5900   15.4000   18.7600    5.6000   13.4000  144.4520   43.1200  103.1800   37.5200  288.9040
6.3000    2.7000    4.9000    1.8000   17.0100   30.8700   11.3400   13.2300    4.8600    8.8200   83.3490   30.6180   55.5660   23.8140  150.0282
6.7000    3.3000    5.7000    2.1000   22.1100   38.1900   14.0700   18.8100    6.9300   11.9700  126.0270   46.4310   80.1990   39.5010  264.6567
7.2000    3.2000    6.0000    1.8000   23.0400   43.2000   12.9600   19.2000    5.7600   10.8000  138.2400   41.4720   77.7600   34.5600  248.8320
6.2000    2.8000    4.8000    1.8000   17.3600   29.7600   11.1600   13.4400    5.0400    8.6400   83.3280   31.2480   53.5680   24.1920  149.9904
6.1000    3.0000    4.9000    1.8000   18.3000   29.8900   10.9800   14.7000    5.4000    8.8200   89.6700   32.9400   53.8020   26.4600  161.4060
6.4000    2.8000    5.6000    2.1000   17.9200   35.8400   13.4400   15.6800    5.8800   11.7600  100.3520   37.6320   75.2640   32.9280  210.7392
7.2000    3.0000    5.8000    1.6000   21.6000   41.7600   11.5200   17.4000    4.8000    9.2800  125.2800   34.5600   66.8160   27.8400  200.4480
7.4000    2.8000    6.1000    1.9000   20.7200   45.1400   14.0600   17.0800    5.3200   11.5900  126.3920   39.3680   85.7660   32.4520  240.1448
7.9000    3.8000    6.4000    2.0000   30.0200   50.5600   15.8000   24.3200    7.6000   12.8000  192.1280   60.0400  101.1200   48.6400  384.2560
6.4000    2.8000    5.6000    2.2000   17.9200   35.8400   14.0800   15.6800    6.1600   12.3200  100.3520   39.4240   78.8480   34.4960  220.7744
6.3000    2.8000    5.1000    1.5000   17.6400   32.1300    9.4500   14.2800    4.2000    7.6500   89.9640   26.4600   48.1950   21.4200  134.9460
6.1000    2.6000    5.6000    1.4000   15.8600   34.1600    8.5400   14.5600    3.6400    7.8400   88.8160   22.2040   47.8240   20.3840  124.3424
7.7000    3.0000    6.1000    2.3000   23.1000   46.9700   17.7100   18.3000    6.9000   14.0300  140.9100   53.1300  108.0310   42.0900  324.0930
6.3000    3.4000    5.6000    2.4000   21.4200   35.2800   15.1200   19.0400    8.1600   13.4400  119.9520   51.4080   84.6720   45.6960  287.8848
6.4000    3.1000    5.5000    1.8000   19.8400   35.2000   11.5200   17.0500    5.5800    9.9000  109.1200   35.7120   63.3600   30.6900  196.4160
6.0000    3.0000    4.8000    1.8000   18.0000   28.8000   10.8000   14.4000    5.4000    8.6400   86.4000   32.4000   51.8400   25.9200  155.5200
6.9000    3.1000    5.4000    2.1000   21.3900   37.2600   14.4900   16.7400    6.5100   11.3400  115.5060   44.9190   78.2460   35.1540  242.5626
6.7000    3.1000    5.6000    2.4000   20.7700   37.5200   16.0800   17.3600    7.4400   13.4400  116.3120   49.8480   90.0480   41.6640  279.1488
6.9000    3.1000    5.1000    2.3000   21.3900   35.1900   15.8700   15.8100    7.1300   11.7300  109.0890   49.1970   80.9370   36.3630  250.9047
5.8000    2.7000    5.1000    1.9000   15.6600   29.5800   11.0200   13.7700    5.1300    9.6900   79.8660   29.7540   56.2020   26.1630  151.7454
6.8000    3.2000    5.9000    2.3000   21.7600   40.1200   15.6400   18.8800    7.3600   13.5700  128.3840   50.0480   92.2760   43.4240  295.2832
6.7000    3.3000    5.7000    2.5000   22.1100   38.1900   16.7500   18.8100    8.2500   14.2500  126.0270   55.2750   95.4750   47.0250  315.0675
6.7000    3.0000    5.2000    2.3000   20.1000   34.8400   15.4100   15.6000    6.9000   11.9600  104.5200   46.2300   80.1320   35.8800  240.3960
6.3000    2.5000    5.0000    1.9000   15.7500   31.5000   11.9700   12.5000    4.7500    9.5000   78.7500   29.9250   59.8500   23.7500  149.6250
6.5000    3.0000    5.2000    2.0000   19.5000   33.8000   13.0000   15.6000    6.0000   10.4000  101.4000   39.0000   67.6000   31.2000  202.8000
6.2000    3.4000    5.4000    2.3000   21.0800   33.4800   14.2600   18.3600    7.8200   12.4200  113.8320   48.4840   77.0040   42.2280  261.8136
5.9000    3.0000    5.1000    1.8000   17.7000   30.0900   10.6200   15.3000    5.4000    9.1800   90.2700   31.8600   54.1620   27.5400  162.4860
